numResults=2
Q_6V87S:{0005164#0.93811, 0000078#0.93559, 0000255#0.93327, 0008645#0.93027, 0004284#0.85659, 0007776#0.85659, 0000457#0.79064}
Q_1A63C:{0005752#0.77662, 0004832#0.75889, 0002349#0.75716, 0007592#0.65605, 0003585#0.65556, 0003669#0.65378, 0009040#0.64683, 0005753#0.61929, 0003303#0.61732}
